   |      86 |      18 |       8 |      85 |      42 |      96 |      57 |      64 |      88 |      10 |
--------------------------------------------------------------------------------------------------------
71 |  0( 83) |  0( 80) |  0( 57) |  0( 87) |  0( 30) | 71(  8) |  0( 81) |  0( 41) |  0( 34) |  0( 95) |
--------------------------------------------------------------------------------------------------------
17 |  0( 17) |  0( 46) |  0( 15) |  0( 91) |  0(  6) | 17( 23) |  0( 98) |  0( 51) |  0( 63) |  0( 42) |
--------------------------------------------------------------------------------------------------------
53 |  0( 59) |  0( 56) |  0( 48) |  0( 82) | 42( 10) |  0( 61) |  4( 20) |  0( 74) |  0( 49) |  7(  3) |
--------------------------------------------------------------------------------------------------------
93 |  0( 43) |  0( 67) |  8( 21) | 85( 40) |  0( 78) |  0( 93) |  0( 54) |  0( 85) |  0( 62) |  0( 27) |
--------------------------------------------------------------------------------------------------------
93 |  0( 26) |  0(  5) |  0( 99) |  0( 66) |  0( 29) |  0( 89) |  0( 25) | 64( 16) | 29( 69) |  0( 28) |
--------------------------------------------------------------------------------------------------------
 6 |  0( 65) |  0( 64) |  0( 19) |  0( 38) |  0( 79) |  0( 94) |  0( 13) |  0( 75) |  6( 18) |  0(  7) |
--------------------------------------------------------------------------------------------------------
28 |  0( 68) | 18(  1) |  0(100) |  0( 58) |  0( 45) |  0( 86) |  0( 88) |  0( 72) | 10( 70) |  0( 50) |
--------------------------------------------------------------------------------------------------------
 6 |  0(  2) |  0( 31) |  0( 44) |  0( 96) |  0( 35) |  0( 76) |  0( 77) |  0(  9) |  6( 36) |  0( 14) |
--------------------------------------------------------------------------------------------------------
89 | 86( 11) |  0( 47) |  0( 60) |  0( 52) |  0( 55) |  0( 73) |  0( 39) |  0( 97) |  0( 92) |  3( 24) |
--------------------------------------------------------------------------------------------------------
98 |  0( 53) |  0( 90) |  0( 84) |  0( 32) |  0( 22) |  8( 33) | 53(  4) |  0( 37) | 37( 12) |  0(101) |
--------------------------------------------------------------------------------------------------------
