   |      23 |      36 |      23 |      29 |      54 |      26 |      17 |      35 |      17 |      34 |      27 |      68 |      44 |      53 |      41 |      19 |      33 |      22 |      28 |      47 |
------------------------------------------------------------------------------------------------------------------------------------------------------------------------------------------------------------
30 |  0(173) |  0( 77) |  0(140) |  0(145) |  2( 21) |  0(166) |  0( 69) |  0(  8) |  0( 56) |  0(108) |  0( 72) |  0( 43) |  0(139) |  0( 76) |  0( 85) |  0(121) |  0(126) |  0( 50) | 28(  5) |  0(  6) |
------------------------------------------------------------------------------------------------------------------------------------------------------------------------------------------------------------
47 |  0(190) |  0(148) |  0(155) |  0(  9) |  0( 23) |  0(148) |  0( 35) |  0( 11) |  0(139) |  3( 12) |  0( 54) |  0( 51) | 44( 13) |  0(182) |  0( 15) |  0( 94) |  0( 17) |  0( 35) |  0(164) |  0( 18) |
------------------------------------------------------------------------------------------------------------------------------------------------------------------------------------------------------------
28 |  0( 58) |  0( 20) |  0(123) |  0( 22) |  0(157) |  0( 25) |  0( 65) |  0( 26) |  0(138) |  0( 27) |  0( 28) |  0( 30) |  0( 31) | 28( 32) |  0( 33) |  0( 81) |  0( 34) |  0( 39) |  0( 40) |  0( 41) |
------------------------------------------------------------------------------------------------------------------------------------------------------------------------------------------------------------
37 |  0( 45) |  0( 44) |  0( 50) |  0( 99) | 37( 18) |  0( 53) |  0(113) |  0( 57) |  0(116) |  0(121) |  0(134) |  0( 91) |  0(146) |  0( 84) |  0( 60) |  0( 61) |  0( 62) |  0(150) |  0( 29) |  0(131) |
------------------------------------------------------------------------------------------------------------------------------------------------------------------------------------------------------------
48 |  0(153) |  0( 75) |  0( 63) |  0( 64) |  0( 65) |  0( 77) |  0(168) | 21( 66) |  0( 83) |  0( 68) | 27( 37) |  0(165) |  0( 70) |  0(101) |  0(113) |  0(179) |  0( 75) |  0(138) |  0( 76) |  0( 82) |
------------------------------------------------------------------------------------------------------------------------------------------------------------------------------------------------------------
20 |  0(182) | 20( 10) |  0( 53) |  0( 73) |  0(106) |  0(171) |  0(115) |  0( 54) |  0( 46) |  0( 84) |  0( 15) |  0( 85) |  0( 61) |  0( 87) |  0( 83) |  0( 93) |  0( 94) |  0(125) |  0( 95) |  0(136) |
------------------------------------------------------------------------------------------------------------------------------------------------------------------------------------------------------------
37 |  0(129) |  0( 96) | 23( 21) | 14( 34) |  0( 97) |  0(166) |  0( 74) |  0(107) |  0( 98) |  0( 78) |  0(118) |  0(102) |  0( 39) |  0(105) |  0(146) |  0( 42) |  0(109) |  0(110) |  0(111) |  0(114) |
------------------------------------------------------------------------------------------------------------------------------------------------------------------------------------------------------------
39 |  0(117) |  0( 55) |  0(118) |  0(120) |  0(121) |  0(128) |  0(130) |  0(177) |  0(156) |  0(132) |  0( 70) |  0(133) |  0( 87) |  0(135) | 39( 14) |  0(188) |  0(137) |  0( 89) |  0(140) |  0(142) |
------------------------------------------------------------------------------------------------------------------------------------------------------------------------------------------------------------
34 |  0(186) |  0(144) |  0(147) | 15( 28) |  0(151) |  0(152) |  0(108) |  4(157) |  0(158) |  5( 99) |  0( 86) |  0(192) |  0(102) |  0(160) |  2( 60) |  0(161) |  0(162) |  0(164) |  0( 29) |  8( 41) |
------------------------------------------------------------------------------------------------------------------------------------------------------------------------------------------------------------
35 |  0(167) |  0(169) |  0(185) |  0(174) |  0(176) |  0(178) | 17( 16) |  0(119) |  0(181) |  0(156) |  0(186) | 18( 26) |  0(195) |  0(187) |  0(127) |  0(189) |  0(196) |  0( 47) |  0(145) |  0( 93) |
------------------------------------------------------------------------------------------------------------------------------------------------------------------------------------------------------------
41 |  0(197) |  0(200) |  0(199) |  0( 58) |  0(193) |  0(175) |  0(  7) |  0(132) |  0(  8) |  0( 78) |  0( 11) | 10( 12) |  0(200) |  0(190) |  0( 13) |  0( 52) |  0( 16) |  0(152) |  0(111) | 31(  7) |
------------------------------------------------------------------------------------------------------------------------------------------------------------------------------------------------------------
40 |  0(170) |  0( 19) |  0( 20) |  0(183) |  0(167) |  0( 23) |  0( 24) |  0( 25) |  0(159) |  0( 31) |  0(189) | 40(  6) |  0( 33) |  0( 49) |  0( 48) |  0(163) |  0(142) |  0(115) |  0( 29) |  0( 17) |
------------------------------------------------------------------------------------------------------------------------------------------------------------------------------------------------------------
12 |  0(124) |  0(128) |  0(193) |  0(188) |  3( 37) |  0(189) |  0( 38) |  0(179) |  0(149) |  9( 40) |  0(126) |  0( 44) |  0(104) |  0( 47) |  0(161) |  0(107) |  0(131) |  0( 51) |  0( 52) |  0(143) |
------------------------------------------------------------------------------------------------------------------------------------------------------------------------------------------------------------
41 | 23( 82) |  0( 90) |  0( 81) |  0( 59) |  0( 67) |  0(120) |  0( 63) | 10( 64) |  0( 67) |  0( 68) |  0( 56) |  0( 88) |  0( 72) |  8( 59) |  0( 69) |  0( 73) |  0( 74) |  0(191) |  0( 77) |  0(153) |
------------------------------------------------------------------------------------------------------------------------------------------------------------------------------------------------------------
45 |  0( 95) |  0(100) |  0( 36) |  0( 80) |  0(198) |  0(192) |  0( 83) |  0(178) | 17( 22) |  9( 66) |  0(158) |  0(114) |  0( 91) |  0(137) |  0( 92) | 19( 49) |  0(105) |  0(180) |  0(103) |  0(112) |
------------------------------------------------------------------------------------------------------------------------------------------------------------------------------------------------------------
27 |  0(141) | 16( 30) |  0(104) |  0( 92) |  0(109) |  0(112) |  0( 89) |  0( 38) |  0(117) |  0(136) |  0( 43) |  0(194) |  0( 98) | 11( 48) |  0(160) |  0(119) |  0( 10) |  0(122) |  0(124) |  0(125) |
------------------------------------------------------------------------------------------------------------------------------------------------------------------------------------------------------------
39 |  0(127) |  0(110) |  0(134) |  0(135) |  0(130) |  0( 80) |  0(159) |  0(154) |  0( 62) |  0( 86) |  0( 96) |  0(123) |  0(141) |  6(106) |  0(144) |  0(143) | 33( 27) |  0(147) |  0( 55) |  0(149) |
------------------------------------------------------------------------------------------------------------------------------------------------------------------------------------------------------------
30 |  0(129) |  0(165) |  0(150) |  0(151) |  0(191) |  0(155) |  0( 42) |  0( 46) |  0(185) |  8( 32) |  0( 14) |  0( 79) |  0( 45) |  0(172) |  0(177) |  0(103) |  0(162) | 22( 19) |  0( 36) |  0(163) |
------------------------------------------------------------------------------------------------------------------------------------------------------------------------------------------------------------
 8 |  0( 97) |  0(184) |  0( 71) |  0(168) |  0(169) |  0(196) |  0(170) |  0(171) |  0(172) |  0(173) |  0(116) |  0(101) |  0(174) |  0(133) |  0(175) |  0(176) |  0(180) |  0(181) |  0(122) |  8( 24) |
------------------------------------------------------------------------------------------------------------------------------------------------------------------------------------------------------------
38 |  0(184) |  0(154) |  0(183) |  0( 71) | 12(  9) | 26(  5) |  0( 88) |  0(187) |  0(153) |  0( 79) |  0( 57) |  0( 56) |  0(193) |  0(194) |  0(195) |  0(197) |  0(100) |  0(198) |  0( 90) |  0(199) |
------------------------------------------------------------------------------------------------------------------------------------------------------------------------------------------------------------
