# kaynak 20
# hedef 20
# minimum miktar 5
# maksimum miktar 400
# minimum maliyet 5
# maksimum maliyet 200

  |     83 |     11 |    238 |     89 |    311 |    175 |    135 |    476 |    219 |    432 |     50 |     39 |    439 |    289 |     63 |    244 |     87 |    274 |    191 |     88 |
---------------------------------------------------------------------------------------------------------------------------------------------------------------------------------------
209 | 0( 55) | 0(137) | 0(139) | 0(106) | 0(172) | 0(136) | 0( 51) | 0(155) | 0( 16) | 0( 95) | 0( 56) | 0(193) | 0(161) | 0(151) | 0( 88) | 0( 20) | 0(141) | 0( 17) | 0( 24) | 0(110) |
---------------------------------------------------------------------------------------------------------------------------------------------------------------------------------------
273 | 0(143) | 0( 28) | 0( 80) | 0( 29) | 0( 30) | 0(155) | 0( 34) | 0(148) | 0( 22) | 0(125) | 0( 35) | 0( 37) | 0( 38) | 0( 81) | 0( 39) | 0( 61) | 0( 42) | 0( 47) | 0( 48) | 0(106) |
---------------------------------------------------------------------------------------------------------------------------------------------------------------------------------------
207 | 0( 50) | 0(146) | 0(124) | 0( 52) | 0( 97) | 0( 70) | 0(140) | 0( 59) | 0( 66) | 0(177) | 0(178) | 0( 65) | 0(183) | 0( 69) | 0( 58) | 0(100) | 0( 91) | 0(171) | 0( 74) | 0( 77) |
---------------------------------------------------------------------------------------------------------------------------------------------------------------------------------------
26 | 0(115) | 0(112) | 0(142) | 0(150) | 0( 79) | 0(191) | 0(141) | 0(196) | 0(160) | 0( 83) | 0(194) | 0( 88) | 0(109) | 0( 89) | 0( 90) | 0(108) | 0(153) | 0(167) | 0( 72) | 0( 44) |
---------------------------------------------------------------------------------------------------------------------------------------------------------------------------------------
183 | 0( 94) | 0(109) | 0(  5) | 0( 73) | 0(143) | 0( 96) | 0( 78) | 0( 75) | 0( 90) | 0(156) | 0( 36) | 0(106) | 0(108) | 0(  5) | 0(158) | 0( 27) | 0( 10) | 0( 36) | 0(173) | 0( 95) |
---------------------------------------------------------------------------------------------------------------------------------------------------------------------------------------
368 | 0(196) | 0( 13) | 0(114) | 0(116) | 0(117) | 0( 40) | 0(118) | 0(119) | 0( 38) | 0( 27) | 0( 57) | 0(110) | 0(128) | 0(129) | 0(130) | 0(134) | 0(131) | 0( 70) | 0( 91) | 0(101) |
---------------------------------------------------------------------------------------------------------------------------------------------------------------------------------------
115 | 0(181) | 0(133) | 0(134) | 0(175) | 0( 74) | 0(101) | 0( 53) | 0( 84) | 0( 60) | 0(175) | 0( 97) | 0(197) | 0(135) | 0( 39) | 0( 49) | 0( 42) | 0( 54) | 0(148) | 0(165) | 0( 76) |
---------------------------------------------------------------------------------------------------------------------------------------------------------------------------------------
289 | 0(  8) | 0(139) | 0(162) | 0(159) | 0(162) | 0(179) | 0(163) | 0(167) | 0(  9) | 0(123) | 0(157) | 0(169) | 0( 58) | 0(197) | 0(  6) | 0( 54) | 0( 62) | 0(107) | 0(172) | 0(184) |
---------------------------------------------------------------------------------------------------------------------------------------------------------------------------------------
307 | 0( 68) | 0(174) | 0(176) | 0(102) | 0(177) | 0(178) | 0( 53) | 0( 63) | 0(105) | 0(179) | 0(156) | 0(182) | 0( 45) | 0(185) | 0(188) | 0(180) | 0(192) | 0(189) | 0(104) | 0(  7) |
---------------------------------------------------------------------------------------------------------------------------------------------------------------------------------------
73 | 0(  7) | 0( 71) | 0(190) | 0(191) | 0(192) | 0(117) | 0( 31) | 0(180) | 0(194) | 0(198) | 0(199) | 0(200) | 0(  8) | 0( 33) | 0(161) | 0( 11) | 0( 22) | 0( 64) | 0( 15) | 0( 24) |
---------------------------------------------------------------------------------------------------------------------------------------------------------------------------------------
252 | 0( 44) | 0( 18) | 0( 19) | 0( 20) | 0(170) | 0( 23) | 0(144) | 0( 25) | 0( 26) | 0( 47) | 0( 29) | 0( 28) | 0(187) | 0( 30) | 0( 72) | 0(147) | 0( 35) | 0( 40) | 0( 93) | 0(127) |
---------------------------------------------------------------------------------------------------------------------------------------------------------------------------------------
276 | 0( 41) | 0(168) | 0( 61) | 0( 57) | 0( 43) | 0( 46) | 0( 48) | 0( 87) | 0( 56) | 0(138) | 0( 60) | 0( 21) | 0( 12) | 0(123) | 0( 63) | 0( 64) | 0(149) | 0( 65) | 0( 98) | 0( 66) |
---------------------------------------------------------------------------------------------------------------------------------------------------------------------------------------
203 | 0( 11) | 0( 69) | 0( 12) | 0( 81) | 0( 71) | 0(120) | 0(133) | 0( 17) | 0(125) | 0( 75) | 0( 76) | 0( 77) | 0( 41) | 0( 52) | 0( 79) | 0( 16) | 0( 92) | 0( 80) | 0(173) | 0(100) |
---------------------------------------------------------------------------------------------------------------------------------------------------------------------------------------
287 | 0( 34) | 0( 82) | 0( 83) | 0( 51) | 0( 59) | 0(142) | 0( 33) | 0(129) | 0( 84) | 0(182) | 0( 26) | 0( 86) | 0( 89) | 0(126) | 0( 68) | 0( 51) | 0( 92) | 0( 14) | 0( 93) | 0( 94) |
---------------------------------------------------------------------------------------------------------------------------------------------------------------------------------------
48 | 0( 96) | 0(132) | 0(193) | 0(132) | 0( 98) | 0(  6) | 0( 99) | 0( 67) | 0(114) | 0(103) | 0(127) | 0(186) | 0( 82) | 0(107) | 0(158) | 0(  9) | 0( 31) | 0( 85) | 0(167) | 0(135) |
---------------------------------------------------------------------------------------------------------------------------------------------------------------------------------------
26 | 0(111) | 0(146) | 0(164) | 0(116) | 0(171) | 0(118) | 0( 62) | 0( 43) | 0(102) | 0(119) | 0( 32) | 0(120) | 0(121) | 0(150) | 0(166) | 0(170) | 0( 85) | 0(152) | 0(113) | 0(123) |
---------------------------------------------------------------------------------------------------------------------------------------------------------------------------------------
231 | 0(124) | 0(154) | 0(126) | 0( 32) | 0( 46) | 0(128) | 0( 14) | 0(131) | 0(132) | 0( 73) | 0(136) | 0(137) | 0( 23) | 0(181) | 0(121) | 0(138) | 0(113) | 0( 87) | 0(130) | 0(145) |
---------------------------------------------------------------------------------------------------------------------------------------------------------------------------------------
143 | 0(147) | 0(149) | 0(151) | 0(153) | 0(103) | 0(199) | 0(122) | 0(154) | 0( 15) | 0( 85) | 0( 37) | 0(159) | 0(160) | 0( 49) | 0(152) | 0( 50) | 0(104) | 0(163) | 0( 78) | 0(111) |
---------------------------------------------------------------------------------------------------------------------------------------------------------------------------------------
344 | 0(144) | 0(165) | 0(166) | 0(122) | 0( 45) | 0(139) | 0( 99) | 0(112) | 0(168) | 0( 13) | 0(169) | 0( 18) | 0(176) | 0( 21) | 0( 55) | 0(157) | 0(180) | 0( 25) | 0(186) | 0(183) |
---------------------------------------------------------------------------------------------------------------------------------------------------------------------------------------
73 | 0(184) | 0(187) | 0(188) | 0(105) | 0(115) | 0( 67) | 0(189) | 0( 10) | 0(195) | 0(164) | 0(174) | 0( 86) | 0(185) | 0( 19) | 0(190) | 0(195) | 0(198) | 0(145) | 0(140) | 0(200) |
---------------------------------------------------------------------------------------------------------------------------------------------------------------------------------------
