# kaynak 20
# hedef 20
# minimum miktar 5
# maksimum miktar 400
# minimum maliyet 5
# maksimum maliyet 405

  |    349 |    439 |      6 |      9 |    498 |    284 |    299 |     46 |    378 |     34 |    451 |    226 |     86 |     36 |     94 |     31 |    308 |    384 |     60 |    341 |
---------------------------------------------------------------------------------------------------------------------------------------------------------------------------------------
198 | 0(401) | 0( 48) | 0(171) | 0( 74) | 0( 80) | 0(184) | 0( 89) | 0(400) | 0(150) | 0(345) | 0(378) | 0(213) | 0(398) | 0( 21) | 0(296) | 0(  9) | 0(369) | 0( 39) | 0( 12) | 0(200) |
---------------------------------------------------------------------------------------------------------------------------------------------------------------------------------------
162 | 0(290) | 0(101) | 0(305) | 0(161) | 0(298) | 0(343) | 0(129) | 0(359) | 0(321) | 0(144) | 0(288) | 0(331) | 0(162) | 0(104) | 0( 59) | 0(319) | 0(229) | 0( 25) | 0(112) | 0(384) |
---------------------------------------------------------------------------------------------------------------------------------------------------------------------------------------
55 | 0(351) | 0(386) | 0( 76) | 0(258) | 0(371) | 0(205) | 0(253) | 0( 54) | 0(337) | 0(287) | 0(346) | 0(251) | 0(183) | 0(261) | 0(151) | 0(362) | 0(299) | 0(158) | 0(178) | 0(292) |
---------------------------------------------------------------------------------------------------------------------------------------------------------------------------------------
95 | 0(180) | 0(  8) | 0(136) | 0(392) | 0( 20) | 0( 61) | 0(170) | 0(255) | 0(295) | 0(198) | 0(202) | 0( 79) | 0(355) | 0(393) | 0(269) | 0(204) | 0( 60) | 0(347) | 0(152) | 0(315) |
---------------------------------------------------------------------------------------------------------------------------------------------------------------------------------------
383 | 0( 62) | 0(246) | 0(176) | 0(399) | 0(223) | 0(120) | 0(103) | 0(271) | 0( 66) | 0(256) | 0( 33) | 0(143) | 0( 49) | 0(357) | 0( 88) | 0(402) | 0(297) | 0( 81) | 0( 75) | 0( 17) |
---------------------------------------------------------------------------------------------------------------------------------------------------------------------------------------
364 | 0(187) | 0(282) | 0(164) | 0( 99) | 0(156) | 0(133) | 0(350) | 0(185) | 0(157) | 0( 26) | 0(278) | 0( 90) | 0(121) | 0(168) | 0(403) | 0( 55) | 0(114) | 0(267) | 0(264) | 0( 93) |
---------------------------------------------------------------------------------------------------------------------------------------------------------------------------------------
229 | 0(358) | 0(232) | 0( 68) | 0( 38) | 0(141) | 0(383) | 0(197) | 0(266) | 0(244) | 0(153) | 0( 31) | 0(115) | 0(339) | 0( 47) | 0( 36) | 0( 29) | 0(160) | 0(218) | 0(313) | 0(289) |
---------------------------------------------------------------------------------------------------------------------------------------------------------------------------------------
346 | 0(109) | 0( 28) | 0( 52) | 0(195) | 0(100) | 0( 86) | 0(241) | 0(105) | 0( 78) | 0( 87) | 0( 70) | 0(235) | 0(182) | 0(173) | 0(190) | 0(317) | 0(370) | 0(323) | 0(340) | 0( 97) |
---------------------------------------------------------------------------------------------------------------------------------------------------------------------------------------
299 | 0( 45) | 0(102) | 0(186) | 0(361) | 0( 77) | 0(142) | 0( 56) | 0( 40) | 0( 64) | 0(260) | 0(221) | 0(117) | 0(366) | 0(135) | 0( 14) | 0(116) | 0( 96) | 0( 10) | 0(318) | 0(273) |
---------------------------------------------------------------------------------------------------------------------------------------------------------------------------------------
169 | 0( 98) | 0(242) | 0( 44) | 0(192) | 0(239) | 0(191) | 0( 53) | 0(303) | 0(405) | 0(397) | 0(154) | 0(222) | 0(300) | 0(284) | 0(111) | 0(203) | 0( 13) | 0(365) | 0(382) | 0(243) |
---------------------------------------------------------------------------------------------------------------------------------------------------------------------------------------
226 | 0(201) | 0(368) | 0(127) | 0(381) | 0(291) | 0(227) | 0( 41) | 0(262) | 0(122) | 0(285) | 0(376) | 0(234) | 0(335) | 0(237) | 0(134) | 0(286) | 0(107) | 0( 37) | 0(248) | 0(212) |
---------------------------------------------------------------------------------------------------------------------------------------------------------------------------------------
296 | 0( 30) | 0(388) | 0(194) | 0(  7) | 0(225) | 0( 27) | 0( 11) | 0(137) | 0(341) | 0(106) | 0(108) | 0(230) | 0(215) | 0(  6) | 0(236) | 0(333) | 0(311) | 0(316) | 0(146) | 0(372) |
---------------------------------------------------------------------------------------------------------------------------------------------------------------------------------------
43 | 0(377) | 0(334) | 0( 24) | 0(149) | 0( 50) | 0(119) | 0(145) | 0(252) | 0(309) | 0(231) | 0(216) | 0(302) | 0(166) | 0( 58) | 0(220) | 0(206) | 0( 92) | 0(272) | 0(188) | 0(199) |
---------------------------------------------------------------------------------------------------------------------------------------------------------------------------------------
293 | 0(245) | 0(329) | 0( 32) | 0(130) | 0(310) | 0(163) | 0(155) | 0(208) | 0(352) | 0(138) | 0(374) | 0( 67) | 0(332) | 0( 85) | 0(174) | 0(389) | 0(348) | 0(354) | 0(113) | 0( 34) |
---------------------------------------------------------------------------------------------------------------------------------------------------------------------------------------
391 | 0(356) | 0(228) | 0(301) | 0(380) | 0( 82) | 0(367) | 0(304) | 0(391) | 0(293) | 0(257) | 0(294) | 0(126) | 0(349) | 0(283) | 0(280) | 0( 73) | 0(189) | 0( 46) | 0(268) | 0(214) |
---------------------------------------------------------------------------------------------------------------------------------------------------------------------------------------
82 | 0( 43) | 0(148) | 0(219) | 0(147) | 0(279) | 0(110) | 0(209) | 0(394) | 0( 69) | 0(364) | 0(327) | 0(274) | 0( 94) | 0(373) | 0( 23) | 0(  5) | 0(314) | 0(360) | 0( 22) | 0(330) |
---------------------------------------------------------------------------------------------------------------------------------------------------------------------------------------
167 | 0(263) | 0( 15) | 0(124) | 0(379) | 0(395) | 0(249) | 0(131) | 0( 51) | 0( 19) | 0(167) | 0(265) | 0(328) | 0(326) | 0(210) | 0( 18) | 0(275) | 0( 84) | 0(276) | 0( 95) | 0(196) |
---------------------------------------------------------------------------------------------------------------------------------------------------------------------------------------
126 | 0(322) | 0(307) | 0(277) | 0(224) | 0(281) | 0(385) | 0(312) | 0( 71) | 0( 35) | 0(159) | 0(338) | 0(132) | 0(172) | 0(123) | 0(396) | 0( 16) | 0(179) | 0(336) | 0(324) | 0(247) |
---------------------------------------------------------------------------------------------------------------------------------------------------------------------------------------
285 | 0(254) | 0(308) | 0(226) | 0(270) | 0(404) | 0(320) | 0(387) | 0(169) | 0(306) | 0(250) | 0(375) | 0( 57) | 0(325) | 0(353) | 0( 72) | 0(238) | 0(390) | 0(233) | 0(139) | 0(175) |
---------------------------------------------------------------------------------------------------------------------------------------------------------------------------------------
150 | 0(128) | 0( 42) | 0( 65) | 0(211) | 0( 63) | 0( 83) | 0(177) | 0(165) | 0(217) | 0(363) | 0(344) | 0(342) | 0(207) | 0(181) | 0(118) | 0( 91) | 0(259) | 0(193) | 0(125) | 0(140) |
---------------------------------------------------------------------------------------------------------------------------------------------------------------------------------------
