# kaynak 20
# hedef 20
# minimum miktar 20
# maksimum miktar 30
# minimum maliyet 20
# maksimum maliyet 30

  |    25 |    25 |    25 |    20 |    21 |    26 |    21 |    20 |    23 |    17 |    24 |    31 |    27 |    23 |    29 |    22 |    26 |    28 |    29 |    31 |
-------------------------------------------------------------------------------------------------------------------------------------------------------------------
20 | 0(20) | 0(26) | 0(23) | 0(22) | 0(24) | 0(24) | 0(20) | 0(28) | 0(20) | 0(28) | 0(29) | 0(24) | 0(23) | 0(25) | 0(24) | 0(24) | 0(20) | 0(23) | 0(30) | 0(28) |
-------------------------------------------------------------------------------------------------------------------------------------------------------------------
29 | 0(30) | 0(26) | 0(29) | 0(25) | 0(30) | 0(20) | 0(23) | 0(26) | 0(26) | 0(21) | 0(28) | 0(21) | 0(24) | 0(21) | 0(22) | 0(27) | 0(23) | 0(27) | 0(30) | 0(27) |
-------------------------------------------------------------------------------------------------------------------------------------------------------------------
26 | 0(20) | 0(27) | 0(30) | 0(23) | 0(22) | 0(29) | 0(25) | 0(24) | 0(28) | 0(25) | 0(24) | 0(28) | 0(30) | 0(22) | 0(25) | 0(20) | 0(26) | 0(26) | 0(26) | 0(27) |
-------------------------------------------------------------------------------------------------------------------------------------------------------------------
28 | 0(30) | 0(29) | 0(21) | 0(24) | 0(23) | 0(30) | 0(26) | 0(20) | 0(25) | 0(29) | 0(28) | 0(21) | 0(29) | 0(26) | 0(23) | 0(20) | 0(26) | 0(28) | 0(28) | 0(30) |
-------------------------------------------------------------------------------------------------------------------------------------------------------------------
26 | 0(30) | 0(21) | 0(23) | 0(20) | 0(27) | 0(21) | 0(24) | 0(21) | 0(25) | 0(20) | 0(20) | 0(20) | 0(22) | 0(27) | 0(28) | 0(30) | 0(21) | 0(22) | 0(21) | 0(28) |
-------------------------------------------------------------------------------------------------------------------------------------------------------------------
23 | 0(29) | 0(24) | 0(27) | 0(25) | 0(23) | 0(25) | 0(26) | 0(27) | 0(28) | 0(20) | 0(23) | 0(23) | 0(25) | 0(23) | 0(26) | 0(23) | 0(29) | 0(29) | 0(20) | 0(30) |
-------------------------------------------------------------------------------------------------------------------------------------------------------------------
21 | 0(21) | 0(20) | 0(23) | 0(28) | 0(30) | 0(29) | 0(30) | 0(21) | 0(24) | 0(26) | 0(22) | 0(29) | 0(29) | 0(30) | 0(23) | 0(20) | 0(27) | 0(25) | 0(28) | 0(30) |
-------------------------------------------------------------------------------------------------------------------------------------------------------------------
25 | 0(24) | 0(22) | 0(29) | 0(24) | 0(29) | 0(28) | 0(20) | 0(22) | 0(24) | 0(29) | 0(22) | 0(27) | 0(26) | 0(23) | 0(26) | 0(21) | 0(21) | 0(29) | 0(20) | 0(20) |
-------------------------------------------------------------------------------------------------------------------------------------------------------------------
27 | 0(25) | 0(21) | 0(30) | 0(30) | 0(22) | 0(24) | 0(21) | 0(26) | 0(26) | 0(24) | 0(24) | 0(29) | 0(30) | 0(22) | 0(25) | 0(20) | 0(23) | 0(26) | 0(24) | 0(25) |
-------------------------------------------------------------------------------------------------------------------------------------------------------------------
26 | 0(28) | 0(27) | 0(23) | 0(23) | 0(24) | 0(20) | 0(24) | 0(25) | 0(21) | 0(29) | 0(22) | 0(26) | 0(27) | 0(20) | 0(22) | 0(27) | 0(24) | 0(27) | 0(24) | 0(26) |
-------------------------------------------------------------------------------------------------------------------------------------------------------------------
25 | 0(26) | 0(25) | 0(29) | 0(27) | 0(30) | 0(29) | 0(30) | 0(27) | 0(20) | 0(26) | 0(22) | 0(21) | 0(22) | 0(23) | 0(25) | 0(20) | 0(26) | 0(29) | 0(22) | 0(21) |
-------------------------------------------------------------------------------------------------------------------------------------------------------------------
24 | 0(27) | 0(29) | 0(22) | 0(29) | 0(25) | 0(29) | 0(23) | 0(27) | 0(25) | 0(23) | 0(21) | 0(25) | 0(21) | 0(26) | 0(24) | 0(23) | 0(30) | 0(25) | 0(22) | 0(21) |
-------------------------------------------------------------------------------------------------------------------------------------------------------------------
25 | 0(24) | 0(30) | 0(24) | 0(26) | 0(23) | 0(29) | 0(25) | 0(22) | 0(26) | 0(27) | 0(22) | 0(26) | 0(28) | 0(29) | 0(21) | 0(30) | 0(28) | 0(28) | 0(28) | 0(22) |
-------------------------------------------------------------------------------------------------------------------------------------------------------------------
21 | 0(22) | 0(21) | 0(27) | 0(20) | 0(29) | 0(26) | 0(25) | 0(23) | 0(29) | 0(28) | 0(22) | 0(27) | 0(25) | 0(27) | 0(20) | 0(26) | 0(21) | 0(24) | 0(24) | 0(27) |
-------------------------------------------------------------------------------------------------------------------------------------------------------------------
26 | 0(26) | 0(28) | 0(28) | 0(29) | 0(23) | 0(22) | 0(26) | 0(24) | 0(24) | 0(24) | 0(27) | 0(29) | 0(26) | 0(27) | 0(24) | 0(28) | 0(21) | 0(29) | 0(25) | 0(23) |
-------------------------------------------------------------------------------------------------------------------------------------------------------------------
27 | 0(22) | 0(26) | 0(22) | 0(20) | 0(28) | 0(22) | 0(30) | 0(25) | 0(23) | 0(20) | 0(24) | 0(27) | 0(20) | 0(29) | 0(29) | 0(25) | 0(30) | 0(23) | 0(28) | 0(27) |
-------------------------------------------------------------------------------------------------------------------------------------------------------------------
27 | 0(28) | 0(25) | 0(25) | 0(21) | 0(24) | 0(25) | 0(26) | 0(20) | 0(28) | 0(20) | 0(27) | 0(23) | 0(21) | 0(30) | 0(21) | 0(23) | 0(25) | 0(27) | 0(25) | 0(22) |
-------------------------------------------------------------------------------------------------------------------------------------------------------------------
20 | 0(27) | 0(29) | 0(27) | 0(22) | 0(30) | 0(20) | 0(22) | 0(28) | 0(27) | 0(23) | 0(22) | 0(20) | 0(28) | 0(21) | 0(21) | 0(25) | 0(28) | 0(21) | 0(25) | 0(23) |
-------------------------------------------------------------------------------------------------------------------------------------------------------------------
22 | 0(30) | 0(20) | 0(27) | 0(23) | 0(30) | 0(25) | 0(21) | 0(22) | 0(30) | 0(30) | 0(21) | 0(26) | 0(27) | 0(26) | 0(22) | 0(23) | 0(24) | 0(30) | 0(25) | 0(26) |
-------------------------------------------------------------------------------------------------------------------------------------------------------------------
25 | 0(20) | 0(28) | 0(28) | 0(21) | 0(29) | 0(30) | 0(21) | 0(28) | 0(29) | 0(20) | 0(30) | 0(28) | 0(22) | 0(21) | 0(25) | 0(27) | 0(30) | 0(24) | 0(22) | 0(28) |
-------------------------------------------------------------------------------------------------------------------------------------------------------------------
