# kaynak 8
# hedef 8
# minimum miktar 5
# maksimum miktar 50
# minimum maliyet 20
# maksimum maliyet 30

  |     5 |    60 |    46 |    12 |    30 |    69 |    24 |    36 |
-------------------------------------------------------------------
38 | 0(26) | 0(30) | 0(25) | 0(27) | 0(24) | 0(28) | 0(30) | 0(26) |
-------------------------------------------------------------------
35 | 0(20) | 0(20) | 0(27) | 0(21) | 0(25) | 0(24) | 0(26) | 0(23) |
-------------------------------------------------------------------
39 | 0(21) | 0(24) | 0(29) | 0(20) | 0(21) | 0(30) | 0(22) | 0(24) |
-------------------------------------------------------------------
33 | 0(23) | 0(21) | 0(22) | 0(25) | 0(24) | 0(30) | 0(27) | 0(29) |
-------------------------------------------------------------------
41 | 0(28) | 0(29) | 0(22) | 0(29) | 0(20) | 0(21) | 0(21) | 0(22) |
-------------------------------------------------------------------
14 | 0(22) | 0(25) | 0(23) | 0(23) | 0(26) | 0(28) | 0(20) | 0(27) |
-------------------------------------------------------------------
45 | 0(24) | 0(25) | 0(26) | 0(29) | 0(29) | 0(30) | 0(30) | 0(23) |
-------------------------------------------------------------------
37 | 0(27) | 0(28) | 0(26) | 0(28) | 0(22) | 0(28) | 0(23) | 0(25) |
-------------------------------------------------------------------
