# kaynak 8
# hedef 8
# minimum miktar 5
# maksimum miktar 50
# minimum maliyet 5
# maksimum maliyet 50

  |    38 |    45 |    45 |    44 |    14 |     8 |    21 |    25 |
-------------------------------------------------------------------
31 | 0(27) | 0(38) | 0(45) | 0(29) | 0(31) | 0(50) | 0(25) | 0(21) |
-------------------------------------------------------------------
6 | 0(35) | 0(34) | 0(40) | 0(41) | 0(40) | 0( 5) | 0(10) | 0(34) |
-------------------------------------------------------------------
38 | 0(33) | 0( 5) | 0(14) | 0(43) | 0(28) | 0(22) | 0(36) | 0(30) |
-------------------------------------------------------------------
39 | 0( 9) | 0(11) | 0(39) | 0(14) | 0(10) | 0(47) | 0(24) | 0(18) |
-------------------------------------------------------------------
35 | 0(17) | 0(19) | 0( 6) | 0(20) | 0(28) | 0(21) | 0(22) | 0(23) |
-------------------------------------------------------------------
27 | 0(20) | 0(13) | 0(19) | 0( 8) | 0(48) | 0(26) | 0(27) | 0(29) |
-------------------------------------------------------------------
24 | 0(43) | 0(46) | 0(32) | 0(15) | 0(16) | 0(37) | 0(46) | 0(39) |
-------------------------------------------------------------------
40 | 0(44) | 0(42) | 0( 7) | 0( 9) | 0(12) | 0( 6) | 0(49) | 0(50) |
-------------------------------------------------------------------
