# kaynak 8
# hedef 8
# minimum miktar 20
# maksimum miktar 30
# minimum maliyet 5
# maksimum maliyet 50

  |    25 |    23 |    24 |    28 |    21 |    21 |    29 |    23 |
-------------------------------------------------------------------
21 | 0( 6) | 0(18) | 0(38) | 0(48) | 0(32) | 0(23) | 0(34) | 0(46) |
-------------------------------------------------------------------
20 | 0(23) | 0(16) | 0(15) | 0(20) | 0( 7) | 0(14) | 0(31) | 0(26) |
-------------------------------------------------------------------
21 | 0(24) | 0(17) | 0(37) | 0( 5) | 0(49) | 0(20) | 0(27) | 0( 8) |
-------------------------------------------------------------------
21 | 0(33) | 0( 6) | 0(18) | 0( 9) | 0(48) | 0(36) | 0(21) | 0(47) |
-------------------------------------------------------------------
29 | 0(40) | 0(10) | 0(11) | 0(12) | 0(29) | 0(44) | 0(13) | 0(35) |
-------------------------------------------------------------------
29 | 0(19) | 0(41) | 0(21) | 0(22) | 0(14) | 0(42) | 0(10) | 0(25) |
-------------------------------------------------------------------
26 | 0( 9) | 0(13) | 0(30) | 0(32) | 0(30) | 0(36) | 0(38) | 0(39) |
-------------------------------------------------------------------
27 | 0(43) | 0( 7) | 0(27) | 0(45) | 0(29) | 0(28) | 0(16) | 0(50) |
-------------------------------------------------------------------
