# kaynak 8
# hedef 8
# minimum miktar 20
# maksimum miktar 30
# minimum maliyet 5
# maksimum maliyet 50

  |    29 |    19 |    32 |    19 |    34 |    26 |    13 |    24 |
-------------------------------------------------------------------
24 | 0( 8) | 0(31) | 0(43) | 0(25) | 0(41) | 0(14) | 0(12) | 0(11) |
-------------------------------------------------------------------
24 | 0(26) | 0(19) | 0( 6) | 0( 6) | 0(10) | 0(34) | 0(45) | 0(30) |
-------------------------------------------------------------------
26 | 0(33) | 0(11) | 0(13) | 0(29) | 0(38) | 0(43) | 0( 7) | 0(13) |
-------------------------------------------------------------------
23 | 0(14) | 0(48) | 0(27) | 0(18) | 0(41) | 0(18) | 0(20) | 0(22) |
-------------------------------------------------------------------
29 | 0( 5) | 0(37) | 0(16) | 0(26) | 0(46) | 0(16) | 0(28) | 0(15) |
-------------------------------------------------------------------
20 | 0(23) | 0(30) | 0(34) | 0(49) | 0(24) | 0(35) | 0( 9) | 0(36) |
-------------------------------------------------------------------
26 | 0(40) | 0(47) | 0(17) | 0(39) | 0(32) | 0(31) | 0(25) | 0(42) |
-------------------------------------------------------------------
24 | 0(44) | 0(29) | 0(21) | 0(45) | 0(15) | 0(46) | 0(47) | 0(50) |
-------------------------------------------------------------------
