# kaynak 15
# hedef 15
# minimum miktar 20
# maksimum miktar 30
# minimum maliyet 20
# maksimum maliyet 30

  |    27 |    27 |    20 |    27 |    29 |    24 |    26 |    20 |    26 |    20 |    28 |    29 |    30 |    24 |    21 |
---------------------------------------------------------------------------------------------------------------------------
22 | 0(21) | 0(22) | 0(26) | 0(29) | 0(25) | 0(20) | 0(20) | 0(22) | 0(30) | 0(23) | 0(20) | 0(29) | 0(27) | 0(27) | 0(26) |
---------------------------------------------------------------------------------------------------------------------------
28 | 0(20) | 0(30) | 0(21) | 0(28) | 0(22) | 0(26) | 0(21) | 0(22) | 0(20) | 0(23) | 0(22) | 0(20) | 0(26) | 0(27) | 0(28) |
---------------------------------------------------------------------------------------------------------------------------
29 | 0(28) | 0(29) | 0(23) | 0(23) | 0(27) | 0(27) | 0(20) | 0(27) | 0(20) | 0(26) | 0(25) | 0(26) | 0(29) | 0(30) | 0(24) |
---------------------------------------------------------------------------------------------------------------------------
23 | 0(24) | 0(20) | 0(23) | 0(28) | 0(27) | 0(20) | 0(22) | 0(22) | 0(26) | 0(23) | 0(28) | 0(21) | 0(28) | 0(28) | 0(27) |
---------------------------------------------------------------------------------------------------------------------------
28 | 0(22) | 0(28) | 0(23) | 0(24) | 0(29) | 0(28) | 0(29) | 0(21) | 0(29) | 0(30) | 0(20) | 0(20) | 0(22) | 0(24) | 0(23) |
---------------------------------------------------------------------------------------------------------------------------
25 | 0(29) | 0(25) | 0(20) | 0(23) | 0(24) | 0(28) | 0(30) | 0(30) | 0(26) | 0(30) | 0(22) | 0(29) | 0(24) | 0(26) | 0(27) |
---------------------------------------------------------------------------------------------------------------------------
28 | 0(28) | 0(29) | 0(26) | 0(21) | 0(22) | 0(26) | 0(30) | 0(29) | 0(23) | 0(27) | 0(21) | 0(22) | 0(24) | 0(25) | 0(25) |
---------------------------------------------------------------------------------------------------------------------------
21 | 0(28) | 0(26) | 0(30) | 0(23) | 0(26) | 0(20) | 0(23) | 0(24) | 0(24) | 0(21) | 0(25) | 0(27) | 0(25) | 0(27) | 0(20) |
---------------------------------------------------------------------------------------------------------------------------
29 | 0(24) | 0(25) | 0(26) | 0(27) | 0(28) | 0(27) | 0(23) | 0(24) | 0(25) | 0(20) | 0(30) | 0(23) | 0(21) | 0(22) | 0(28) |
---------------------------------------------------------------------------------------------------------------------------
26 | 0(30) | 0(24) | 0(26) | 0(28) | 0(23) | 0(24) | 0(25) | 0(27) | 0(29) | 0(24) | 0(26) | 0(23) | 0(27) | 0(21) | 0(21) |
---------------------------------------------------------------------------------------------------------------------------
21 | 0(21) | 0(20) | 0(25) | 0(21) | 0(25) | 0(27) | 0(21) | 0(29) | 0(26) | 0(30) | 0(29) | 0(30) | 0(20) | 0(27) | 0(22) |
---------------------------------------------------------------------------------------------------------------------------
24 | 0(24) | 0(23) | 0(27) | 0(24) | 0(30) | 0(28) | 0(29) | 0(21) | 0(24) | 0(22) | 0(21) | 0(28) | 0(30) | 0(29) | 0(30) |
---------------------------------------------------------------------------------------------------------------------------
29 | 0(25) | 0(29) | 0(24) | 0(26) | 0(26) | 0(20) | 0(21) | 0(22) | 0(21) | 0(30) | 0(25) | 0(25) | 0(25) | 0(26) | 0(28) |
---------------------------------------------------------------------------------------------------------------------------
21 | 0(27) | 0(22) | 0(29) | 0(25) | 0(20) | 0(27) | 0(23) | 0(24) | 0(25) | 0(23) | 0(21) | 0(25) | 0(22) | 0(30) | 0(21) |
---------------------------------------------------------------------------------------------------------------------------
24 | 0(30) | 0(24) | 0(25) | 0(28) | 0(25) | 0(29) | 0(22) | 0(23) | 0(21) | 0(29) | 0(22) | 0(23) | 0(28) | 0(29) | 0(30) |
---------------------------------------------------------------------------------------------------------------------------
