# kaynak 15
# hedef 15
# minimum miktar 5
# maksimum miktar 100
# minimum maliyet 5
# maksimum maliyet 100

  |     19 |     23 |     23 |     65 |    139 |    128 |     77 |     33 |     27 |     14 |     30 |     85 |      7 |     48 |     29 |
------------------------------------------------------------------------------------------------------------------------------------------
26 | 0( 12) | 0( 10) | 0( 35) | 0( 32) | 0( 21) | 0( 83) | 0( 97) | 0( 22) | 0( 87) | 0( 76) | 0( 33) | 0( 49) | 0( 25) | 0( 19) | 0( 24) |
------------------------------------------------------------------------------------------------------------------------------------------
98 | 0( 73) | 0( 62) | 0( 85) | 0( 98) | 0( 99) | 0( 28) | 0(  7) | 0( 47) | 0( 39) | 0( 35) | 0( 92) | 0( 20) | 0( 21) | 0( 82) | 0( 32) |
------------------------------------------------------------------------------------------------------------------------------------------
26 | 0( 79) | 0( 14) | 0( 44) | 0( 65) | 0( 60) | 0( 69) | 0( 59) | 0( 29) | 0(  5) | 0(  6) | 0( 86) | 0( 22) | 0(  7) | 0(  8) | 0( 10) |
------------------------------------------------------------------------------------------------------------------------------------------
78 | 0( 12) | 0( 53) | 0( 13) | 0( 80) | 0( 91) | 0( 65) | 0( 84) | 0( 18) | 0( 21) | 0( 22) | 0( 67) | 0( 77) | 0( 26) | 0( 27) | 0( 32) |
------------------------------------------------------------------------------------------------------------------------------------------
14 | 0( 40) | 0( 62) | 0( 98) | 0( 34) | 0( 36) | 0( 37) | 0( 92) | 0( 65) | 0( 82) | 0( 63) | 0( 36) | 0( 14) | 0( 39) | 0( 40) | 0( 54) |
------------------------------------------------------------------------------------------------------------------------------------------
37 | 0( 23) | 0( 80) | 0( 50) | 0( 41) | 0( 42) | 0( 53) | 0( 43) | 0( 44) | 0( 46) | 0( 85) | 0( 41) | 0( 48) | 0( 34) | 0( 36) | 0( 28) |
------------------------------------------------------------------------------------------------------------------------------------------
9 | 0( 50) | 0( 45) | 0( 23) | 0( 52) | 0( 55) | 0( 56) | 0(  8) | 0( 57) | 0( 58) | 0( 96) | 0( 11) | 0( 54) | 0( 67) | 0( 79) | 0( 71) |
------------------------------------------------------------------------------------------------------------------------------------------
28 | 0( 72) | 0( 14) | 0( 73) | 0( 94) | 0( 75) | 0( 76) | 0( 92) | 0( 78) | 0( 68) | 0( 39) | 0( 13) | 0( 81) | 0( 34) | 0( 82) | 0( 83) |
------------------------------------------------------------------------------------------------------------------------------------------
82 | 0( 87) | 0( 88) | 0( 85) | 0( 25) | 0( 15) | 0( 93) | 0( 70) | 0( 31) | 0( 55) | 0(100) | 0(  5) | 0( 56) | 0( 70) | 0(  9) | 0( 91) |
------------------------------------------------------------------------------------------------------------------------------------------
43 | 0(  6) | 0( 77) | 0( 61) | 0( 16) | 0( 42) | 0( 15) | 0( 20) | 0( 50) | 0( 51) | 0( 41) | 0( 99) | 0( 29) | 0( 69) | 0( 26) | 0( 27) |
------------------------------------------------------------------------------------------------------------------------------------------
80 | 0( 30) | 0( 17) | 0( 37) | 0( 38) | 0( 89) | 0( 11) | 0( 64) | 0( 30) | 0( 61) | 0( 18) | 0( 67) | 0( 43) | 0( 74) | 0( 48) | 0( 75) |
------------------------------------------------------------------------------------------------------------------------------------------
78 | 0( 16) | 0( 90) | 0( 61) | 0( 45) | 0( 33) | 0( 66) | 0( 47) | 0( 95) | 0( 57) | 0( 86) | 0( 62) | 0( 79) | 0(100) | 0( 16) | 0( 52) |
------------------------------------------------------------------------------------------------------------------------------------------
46 | 0( 54) | 0( 58) | 0( 63) | 0( 40) | 0( 72) | 0( 71) | 0( 64) | 0( 44) | 0( 46) | 0( 59) | 0( 69) | 0( 60) | 0( 97) | 0( 66) | 0( 68) |
------------------------------------------------------------------------------------------------------------------------------------------
97 | 0( 29) | 0( 74) | 0( 72) | 0( 10) | 0( 71) | 0( 74) | 0( 24) | 0( 78) | 0( 80) | 0( 49) | 0( 81) | 0(  9) | 0( 49) | 0( 53) | 0( 84) |
------------------------------------------------------------------------------------------------------------------------------------------
5 | 0( 51) | 0( 19) | 0( 87) | 0( 88) | 0( 89) | 0( 38) | 0( 90) | 0( 64) | 0( 93) | 0( 94) | 0( 17) | 0( 31) | 0( 95) | 0( 96) | 0( 97) |
------------------------------------------------------------------------------------------------------------------------------------------
