# kaynak 20
# hedef 20
# minimum miktar 5
# maksimum miktar 400
# minimum maliyet 20
# maksimum maliyet 30

  |    62 |    58 |   568 |    48 |    13 |   376 |   342 |   112 |   185 |   195 |    10 |    65 |    34 |    47 |    43 |   183 |   373 |   169 |    50 |   366 |
-------------------------------------------------------------------------------------------------------------------------------------------------------------------
183 | 0(29) | 0(22) | 0(23) | 0(24) | 0(29) | 0(30) | 0(25) | 0(25) | 0(24) | 0(22) | 0(21) | 0(28) | 0(26) | 0(27) | 0(22) | 0(20) | 0(29) | 0(30) | 0(20) | 0(27) |
-------------------------------------------------------------------------------------------------------------------------------------------------------------------
369 | 0(28) | 0(29) | 0(23) | 0(23) | 0(25) | 0(28) | 0(28) | 0(20) | 0(23) | 0(30) | 0(24) | 0(21) | 0(26) | 0(24) | 0(28) | 0(27) | 0(23) | 0(30) | 0(21) | 0(22) |
-------------------------------------------------------------------------------------------------------------------------------------------------------------------
62 | 0(26) | 0(30) | 0(23) | 0(25) | 0(20) | 0(27) | 0(21) | 0(28) | 0(30) | 0(25) | 0(23) | 0(28) | 0(28) | 0(20) | 0(23) | 0(25) | 0(20) | 0(26) | 0(20) | 0(26) |
-------------------------------------------------------------------------------------------------------------------------------------------------------------------
26 | 0(21) | 0(22) | 0(26) | 0(23) | 0(30) | 0(25) | 0(27) | 0(27) | 0(21) | 0(25) | 0(21) | 0(22) | 0(25) | 0(27) | 0(29) | 0(27) | 0(27) | 0(22) | 0(22) | 0(20) |
-------------------------------------------------------------------------------------------------------------------------------------------------------------------
109 | 0(21) | 0(22) | 0(24) | 0(29) | 0(30) | 0(24) | 0(25) | 0(21) | 0(28) | 0(21) | 0(29) | 0(29) | 0(30) | 0(28) | 0(23) | 0(22) | 0(24) | 0(25) | 0(21) | 0(26) |
-------------------------------------------------------------------------------------------------------------------------------------------------------------------
129 | 0(21) | 0(26) | 0(26) | 0(22) | 0(21) | 0(20) | 0(27) | 0(26) | 0(25) | 0(24) | 0(22) | 0(22) | 0(30) | 0(21) | 0(28) | 0(23) | 0(20) | 0(24) | 0(29) | 0(24) |
-------------------------------------------------------------------------------------------------------------------------------------------------------------------
229 | 0(24) | 0(24) | 0(29) | 0(26) | 0(27) | 0(27) | 0(30) | 0(29) | 0(23) | 0(21) | 0(21) | 0(20) | 0(22) | 0(21) | 0(22) | 0(21) | 0(23) | 0(24) | 0(24) | 0(29) |
-------------------------------------------------------------------------------------------------------------------------------------------------------------------
19 | 0(21) | 0(27) | 0(30) | 0(24) | 0(29) | 0(22) | 0(30) | 0(28) | 0(27) | 0(21) | 0(22) | 0(29) | 0(22) | 0(22) | 0(26) | 0(25) | 0(23) | 0(28) | 0(25) | 0(30) |
-------------------------------------------------------------------------------------------------------------------------------------------------------------------
202 | 0(24) | 0(27) | 0(26) | 0(20) | 0(28) | 0(21) | 0(22) | 0(23) | 0(26) | 0(29) | 0(26) | 0(27) | 0(27) | 0(20) | 0(29) | 0(20) | 0(21) | 0(25) | 0(23) | 0(28) |
-------------------------------------------------------------------------------------------------------------------------------------------------------------------
75 | 0(27) | 0(21) | 0(29) | 0(26) | 0(23) | 0(20) | 0(21) | 0(26) | 0(26) | 0(27) | 0(30) | 0(28) | 0(29) | 0(20) | 0(22) | 0(30) | 0(24) | 0(26) | 0(29) | 0(24) |
-------------------------------------------------------------------------------------------------------------------------------------------------------------------
102 | 0(27) | 0(28) | 0(30) | 0(24) | 0(23) | 0(28) | 0(28) | 0(23) | 0(29) | 0(22) | 0(24) | 0(24) | 0(20) | 0(23) | 0(23) | 0(20) | 0(21) | 0(26) | 0(30) | 0(30) |
-------------------------------------------------------------------------------------------------------------------------------------------------------------------
319 | 0(29) | 0(29) | 0(26) | 0(30) | 0(20) | 0(30) | 0(20) | 0(29) | 0(24) | 0(29) | 0(25) | 0(20) | 0(21) | 0(22) | 0(28) | 0(24) | 0(24) | 0(25) | 0(27) | 0(24) |
-------------------------------------------------------------------------------------------------------------------------------------------------------------------
111 | 0(25) | 0(22) | 0(23) | 0(23) | 0(25) | 0(24) | 0(25) | 0(27) | 0(30) | 0(29) | 0(23) | 0(30) | 0(22) | 0(29) | 0(22) | 0(27) | 0(27) | 0(25) | 0(22) | 0(25) |
-------------------------------------------------------------------------------------------------------------------------------------------------------------------
69 | 0(24) | 0(25) | 0(26) | 0(26) | 0(21) | 0(28) | 0(20) | 0(28) | 0(30) | 0(29) | 0(21) | 0(29) | 0(22) | 0(28) | 0(23) | 0(24) | 0(24) | 0(25) | 0(27) | 0(25) |
-------------------------------------------------------------------------------------------------------------------------------------------------------------------
78 | 0(22) | 0(20) | 0(25) | 0(27) | 0(23) | 0(29) | 0(30) | 0(21) | 0(22) | 0(21) | 0(28) | 0(27) | 0(29) | 0(30) | 0(27) | 0(29) | 0(28) | 0(27) | 0(30) | 0(27) |
-------------------------------------------------------------------------------------------------------------------------------------------------------------------
302 | 0(25) | 0(23) | 0(22) | 0(26) | 0(30) | 0(24) | 0(27) | 0(23) | 0(30) | 0(28) | 0(23) | 0(20) | 0(24) | 0(28) | 0(24) | 0(26) | 0(25) | 0(25) | 0(29) | 0(20) |
-------------------------------------------------------------------------------------------------------------------------------------------------------------------
153 | 0(24) | 0(21) | 0(25) | 0(30) | 0(20) | 0(26) | 0(20) | 0(21) | 0(20) | 0(28) | 0(27) | 0(24) | 0(26) | 0(28) | 0(29) | 0(28) | 0(30) | 0(20) | 0(30) | 0(23) |
-------------------------------------------------------------------------------------------------------------------------------------------------------------------
237 | 0(20) | 0(26) | 0(28) | 0(26) | 0(30) | 0(20) | 0(20) | 0(26) | 0(28) | 0(21) | 0(23) | 0(25) | 0(26) | 0(20) | 0(25) | 0(23) | 0(20) | 0(30) | 0(27) | 0(28) |
-------------------------------------------------------------------------------------------------------------------------------------------------------------------
330 | 0(28) | 0(28) | 0(23) | 0(26) | 0(21) | 0(22) | 0(24) | 0(22) | 0(21) | 0(28) | 0(22) | 0(28) | 0(23) | 0(30) | 0(25) | 0(25) | 0(25) | 0(21) | 0(24) | 0(22) |
-------------------------------------------------------------------------------------------------------------------------------------------------------------------
195 | 0(30) | 0(22) | 0(25) | 0(26) | 0(26) | 0(20) | 0(29) | 0(21) | 0(23) | 0(23) | 0(26) | 0(29) | 0(24) | 0(20) | 0(27) | 0(27) | 0(27) | 0(25) | 0(29) | 0(26) |
-------------------------------------------------------------------------------------------------------------------------------------------------------------------
