# kaynak 20
# hedef 20
# minimum miktar 20
# maksimum miktar 30
# minimum maliyet 5
# maksimum maliyet 200

  |     27 |     24 |     30 |     23 |     30 |     21 |     29 |     22 |     21 |     28 |     24 |     23 |     22 |     16 |     21 |     28 |     29 |     23 |     20 |     29 |
---------------------------------------------------------------------------------------------------------------------------------------------------------------------------------------
26 | 0( 46) | 0( 94) | 0(181) | 0( 58) | 0( 47) | 0( 13) | 0( 50) | 0( 99) | 0( 28) | 0(169) | 0( 75) | 0(199) | 0(177) | 0( 57) | 0( 16) | 0(170) | 0( 32) | 0(137) | 0(122) | 0(  6) |
---------------------------------------------------------------------------------------------------------------------------------------------------------------------------------------
20 | 0( 59) | 0( 10) | 0( 72) | 0( 11) | 0( 13) | 0(135) | 0( 15) | 0( 69) | 0( 16) | 0( 17) | 0( 18) | 0( 22) | 0(132) | 0( 73) | 0(100) | 0(114) | 0(133) | 0( 23) | 0(175) | 0(185) |
---------------------------------------------------------------------------------------------------------------------------------------------------------------------------------------
23 | 0( 80) | 0( 29) | 0( 32) | 0(111) | 0( 38) | 0(148) | 0(172) | 0( 40) | 0(182) | 0( 41) | 0( 42) | 0( 43) | 0(  8) | 0( 41) | 0( 44) | 0( 45) | 0( 48) | 0( 49) | 0(160) | 0( 68) |
---------------------------------------------------------------------------------------------------------------------------------------------------------------------------------------
24 | 0(145) | 0(112) | 0( 50) | 0( 28) | 0( 51) | 0(185) | 0( 52) | 0( 80) | 0( 78) | 0(173) | 0(175) | 0( 77) | 0( 55) | 0( 54) | 0( 57) | 0(131) | 0( 62) | 0( 87) | 0( 66) | 0( 76) |
---------------------------------------------------------------------------------------------------------------------------------------------------------------------------------------
28 | 0( 74) | 0( 82) | 0( 85) | 0( 75) | 0(139) | 0( 66) | 0( 31) | 0( 60) | 0( 84) | 0(188) | 0( 86) | 0( 87) | 0(192) | 0(146) | 0(115) | 0( 90) | 0( 91) | 0( 83) | 0( 93) | 0(179) |
---------------------------------------------------------------------------------------------------------------------------------------------------------------------------------------
23 | 0( 96) | 0(179) | 0(113) | 0( 98) | 0(103) | 0(107) | 0(164) | 0(109) | 0(110) | 0(121) | 0( 97) | 0(140) | 0(120) | 0(147) | 0( 56) | 0(112) | 0( 50) | 0(117) | 0(121) | 0(189) |
---------------------------------------------------------------------------------------------------------------------------------------------------------------------------------------
28 | 0( 83) | 0( 71) | 0(125) | 0(  5) | 0(184) | 0( 57) | 0( 88) | 0( 63) | 0(149) | 0( 53) | 0(127) | 0(129) | 0(146) | 0(130) | 0(131) | 0(187) | 0(153) | 0( 69) | 0(136) | 0(138) |
---------------------------------------------------------------------------------------------------------------------------------------------------------------------------------------
27 | 0(139) | 0( 67) | 0( 89) | 0(149) | 0(144) | 0(151) | 0(152) | 0(189) | 0(178) | 0( 71) | 0(153) | 0(162) | 0(154) | 0(155) | 0(150) | 0( 46) | 0( 73) | 0(159) | 0(161) | 0(163) |
---------------------------------------------------------------------------------------------------------------------------------------------------------------------------------------
26 | 0(171) | 0(165) | 0(102) | 0(143) | 0(166) | 0(  9) | 0(169) | 0(155) | 0(170) | 0(119) | 0(192) | 0(172) | 0(174) | 0(176) | 0(164) | 0(158) | 0(134) | 0(180) | 0(186) | 0(183) |
---------------------------------------------------------------------------------------------------------------------------------------------------------------------------------------
26 | 0( 94) | 0(140) | 0( 27) | 0( 29) | 0(156) | 0(195) | 0( 25) | 0(  7) | 0(197) | 0( 31) | 0(141) | 0( 96) | 0( 84) | 0(  5) | 0( 64) | 0(  9) | 0( 11) | 0( 12) | 0(157) | 0(193) |
---------------------------------------------------------------------------------------------------------------------------------------------------------------------------------------
22 | 0( 15) | 0( 20) | 0(191) | 0(157) | 0( 21) | 0( 22) | 0( 26) | 0( 18) | 0(141) | 0( 32) | 0( 65) | 0(160) | 0( 34) | 0( 36) | 0( 37) | 0( 17) | 0( 38) | 0( 34) | 0( 40) | 0(168) |
---------------------------------------------------------------------------------------------------------------------------------------------------------------------------------------
28 | 0( 81) | 0( 88) | 0( 61) | 0(151) | 0( 65) | 0(118) | 0( 45) | 0(134) | 0( 48) | 0( 44) | 0( 49) | 0( 51) | 0(148) | 0( 67) | 0( 25) | 0(176) | 0( 52) | 0( 53) | 0(101) | 0(123) |
---------------------------------------------------------------------------------------------------------------------------------------------------------------------------------------
20 | 0(187) | 0( 54) | 0( 46) | 0(105) | 0( 56) | 0( 61) | 0( 62) | 0( 79) | 0(104) | 0( 35) | 0(180) | 0( 64) | 0(119) | 0( 68) | 0( 58) | 0( 69) | 0(191) | 0( 74) | 0( 72) | 0( 30) |
---------------------------------------------------------------------------------------------------------------------------------------------------------------------------------------
29 | 0( 30) | 0(156) | 0(159) | 0( 81) | 0( 24) | 0( 55) | 0( 82) | 0( 76) | 0(  6) | 0( 99) | 0( 27) | 0( 78) | 0(197) | 0( 95) | 0( 18) | 0( 20) | 0( 43) | 0(147) | 0(198) | 0(199) |
---------------------------------------------------------------------------------------------------------------------------------------------------------------------------------------
27 | 0( 89) | 0( 85) | 0(128) | 0( 23) | 0( 90) | 0( 91) | 0(104) | 0( 92) | 0(106) | 0( 95) | 0(  8) | 0(118) | 0(178) | 0( 98) | 0(100) | 0( 16) | 0( 14) | 0(117) | 0( 36) | 0(193) |
---------------------------------------------------------------------------------------------------------------------------------------------------------------------------------------
25 | 0( 26) | 0(102) | 0(107) | 0(108) | 0(183) | 0( 59) | 0(106) | 0(109) | 0(142) | 0(190) | 0(111) | 0( 68) | 0(165) | 0(120) | 0(122) | 0(116) | 0(124) | 0(125) | 0(127) | 0(130) |
---------------------------------------------------------------------------------------------------------------------------------------------------------------------------------------
21 | 0(128) | 0(129) | 0(108) | 0( 37) | 0(133) | 0(196) | 0(136) | 0(177) | 0(137) | 0(142) | 0( 19) | 0(143) | 0(145) | 0( 21) | 0(167) | 0(101) | 0( 47) | 0( 24) | 0(126) | 0(150) |
---------------------------------------------------------------------------------------------------------------------------------------------------------------------------------------
20 | 0(152) | 0(103) | 0(105) | 0( 86) | 0(113) | 0( 19) | 0( 12) | 0(154) | 0(123) | 0(110) | 0( 10) | 0( 70) | 0(158) | 0(168) | 0( 70) | 0( 79) | 0(144) | 0(138) | 0( 63) | 0( 97) |
---------------------------------------------------------------------------------------------------------------------------------------------------------------------------------------
26 | 0(161) | 0( 35) | 0(162) | 0(114) | 0(163) | 0(188) | 0(135) | 0( 93) | 0(166) | 0(194) | 0(167) | 0(200) | 0( 92) | 0(124) | 0( 39) | 0(194) | 0( 42) | 0( 39) | 0(132) | 0(174) |
---------------------------------------------------------------------------------------------------------------------------------------------------------------------------------------
21 | 0(190) | 0( 33) | 0(171) | 0(181) | 0( 77) | 0(182) | 0(116) | 0(184) | 0(173) | 0( 60) | 0(  7) | 0(186) | 0(126) | 0(195) | 0(196) | 0( 14) | 0( 33) | 0(198) | 0(115) | 0(200) |
---------------------------------------------------------------------------------------------------------------------------------------------------------------------------------------
