# kaynak 8
# hedef 8
# minimum miktar 20
# maksimum miktar 30
# minimum maliyet 5
# maksimum maliyet 70

  |    27 |    23 |    31 |    20 |    29 |    20 |    25 |    23 |
-------------------------------------------------------------------
28 | 0(28) | 0(53) | 0(29) | 0(64) | 0(48) | 0(57) | 0(12) | 0(47) |
-------------------------------------------------------------------
23 | 0(26) | 0(46) | 0(38) | 0(34) | 0(69) | 0(27) | 0(35) | 0(17) |
-------------------------------------------------------------------
28 | 0(67) | 0(11) | 0(55) | 0(37) | 0(59) | 0(36) | 0(15) | 0(52) |
-------------------------------------------------------------------
23 | 0(20) | 0(19) | 0(50) | 0(31) | 0(21) | 0(56) | 0( 8) | 0(60) |
-------------------------------------------------------------------
29 | 0(32) | 0(25) | 0(23) | 0( 9) | 0(44) | 0( 5) | 0(49) | 0(61) |
-------------------------------------------------------------------
25 | 0(33) | 0(13) | 0(40) | 0(22) | 0(54) | 0(65) | 0(24) | 0(42) |
-------------------------------------------------------------------
20 | 0(43) | 0(45) | 0(58) | 0(68) | 0(30) | 0(66) | 0(62) | 0(51) |
-------------------------------------------------------------------
22 | 0(63) | 0(16) | 0(70) | 0(41) | 0(39) | 0(14) | 0(10) | 0( 7) |
-------------------------------------------------------------------
