# kaynak 8
# hedef 8
# minimum miktar 20
# maksimum miktar 30
# minimum maliyet 20
# maksimum maliyet 30

  |    24 |    40 |    24 |    22 |    25 |    20 |    21 |    20 |
-------------------------------------------------------------------
26 | 0(30) | 0(21) | 0(24) | 0(27) | 0(30) | 0(29) | 0(22) | 0(26) |
-------------------------------------------------------------------
27 | 0(20) | 0(20) | 0(30) | 0(23) | 0(30) | 0(23) | 0(29) | 0(21) |
-------------------------------------------------------------------
25 | 0(28) | 0(27) | 0(20) | 0(28) | 0(20) | 0(26) | 0(22) | 0(24) |
-------------------------------------------------------------------
22 | 0(25) | 0(22) | 0(21) | 0(24) | 0(25) | 0(22) | 0(25) | 0(28) |
-------------------------------------------------------------------
21 | 0(25) | 0(24) | 0(25) | 0(26) | 0(22) | 0(23) | 0(27) | 0(21) |
-------------------------------------------------------------------
24 | 0(28) | 0(29) | 0(29) | 0(28) | 0(25) | 0(24) | 0(23) | 0(26) |
-------------------------------------------------------------------
29 | 0(23) | 0(27) | 0(29) | 0(26) | 0(30) | 0(20) | 0(20) | 0(24) |
-------------------------------------------------------------------
22 | 0(21) | 0(26) | 0(27) | 0(22) | 0(23) | 0(27) | 0(28) | 0(29) |
-------------------------------------------------------------------
