# kaynak 8
# hedef 8
# minimum miktar 20
# maksimum miktar 30
# minimum maliyet 5
# maksimum maliyet 70

  |    25 |    25 |    25 |    22 |    19 |    22 |    24 |    29 |
-------------------------------------------------------------------
25 | 0(70) | 0(65) | 0(25) | 0( 5) | 0(16) | 0(14) | 0(33) | 0(54) |
-------------------------------------------------------------------
25 | 0(29) | 0(32) | 0(35) | 0(56) | 0(38) | 0(40) | 0(31) | 0( 8) |
-------------------------------------------------------------------
20 | 0(61) | 0(12) | 0(66) | 0(23) | 0(49) | 0(20) | 0(48) | 0(60) |
-------------------------------------------------------------------
24 | 0(36) | 0(27) | 0(13) | 0(21) | 0( 7) | 0(37) | 0(58) | 0(46) |
-------------------------------------------------------------------
21 | 0(63) | 0(10) | 0(59) | 0(44) | 0(11) | 0(69) | 0( 6) | 0(18) |
-------------------------------------------------------------------
28 | 0(30) | 0(24) | 0(41) | 0(43) | 0(53) | 0(67) | 0(22) | 0(26) |
-------------------------------------------------------------------
25 | 0(68) | 0(42) | 0(28) | 0(64) | 0(55) | 0(15) | 0(47) | 0(19) |
-------------------------------------------------------------------
23 | 0(45) | 0(52) | 0(50) | 0(17) | 0(57) | 0(39) | 0(62) | 0(51) |
-------------------------------------------------------------------
