# kaynak 8
# hedef 8
# minimum miktar 5
# maksimum miktar 50
# minimum maliyet 5
# maksimum maliyet 50

  |    14 |    21 |    24 |    48 |    13 |    48 |    28 |     6 |
-------------------------------------------------------------------
34 | 0( 8) | 0( 8) | 0(35) | 0(46) | 0(23) | 0(10) | 0(37) | 0(36) |
-------------------------------------------------------------------
15 | 0(22) | 0(14) | 0(44) | 0(34) | 0(41) | 0(23) | 0( 6) | 0(45) |
-------------------------------------------------------------------
31 | 0(43) | 0(44) | 0(31) | 0( 5) | 0(39) | 0(12) | 0( 9) | 0(11) |
-------------------------------------------------------------------
37 | 0(13) | 0(14) | 0(16) | 0(46) | 0(31) | 0(15) | 0(17) | 0(48) |
-------------------------------------------------------------------
25 | 0( 7) | 0(20) | 0(16) | 0(18) | 0(26) | 0(13) | 0(19) | 0( 7) |
-------------------------------------------------------------------
9 | 0(42) | 0(19) | 0(21) | 0(24) | 0(38) | 0(27) | 0(28) | 0(22) |
-------------------------------------------------------------------
19 | 0(25) | 0(29) | 0(30) | 0(37) | 0(49) | 0(36) | 0(50) | 0(39) |
-------------------------------------------------------------------
32 | 0(45) | 0(47) | 0(10) | 0(40) | 0(35) | 0(32) | 0(33) | 0(50) |
-------------------------------------------------------------------
