# kaynak 8
# hedef 8
# minimum miktar 5
# maksimum miktar 50
# minimum maliyet 5
# maksimum maliyet 70

  |    14 |    30 |    15 |    23 |    48 |    46 |    25 |    13 |
-------------------------------------------------------------------
21 | 0(38) | 0(66) | 0(28) | 0(36) | 0(59) | 0(25) | 0(14) | 0(19) |
-------------------------------------------------------------------
39 | 0(48) | 0(68) | 0(34) | 0(43) | 0(69) | 0(64) | 0(44) | 0(29) |
-------------------------------------------------------------------
49 | 0(12) | 0(45) | 0(56) | 0(51) | 0( 7) | 0(13) | 0( 9) | 0(33) |
-------------------------------------------------------------------
20 | 0(65) | 0(31) | 0(32) | 0(30) | 0(24) | 0(41) | 0(18) | 0(35) |
-------------------------------------------------------------------
15 | 0(54) | 0( 8) | 0(11) | 0(58) | 0(63) | 0(52) | 0( 6) | 0(27) |
-------------------------------------------------------------------
22 | 0(70) | 0(20) | 0(47) | 0(60) | 0(62) | 0(49) | 0( 5) | 0(55) |
-------------------------------------------------------------------
22 | 0(15) | 0(50) | 0(23) | 0(61) | 0(21) | 0(67) | 0(46) | 0(26) |
-------------------------------------------------------------------
26 | 0(37) | 0(22) | 0(53) | 0(57) | 0(39) | 0(42) | 0(16) | 0(40) |
-------------------------------------------------------------------
