# kaynak 15
# hedef 15
# minimum miktar 5
# maksimum miktar 100
# minimum maliyet 20
# maksimum maliyet 30

  |    98 |    31 |    45 |    28 |    57 |    42 |    63 |    58 |    69 |    48 |    59 |    76 |    12 |    17 |     8 |
---------------------------------------------------------------------------------------------------------------------------
81 | 0(22) | 0(21) | 0(29) | 0(25) | 0(29) | 0(22) | 0(20) | 0(21) | 0(23) | 0(21) | 0(22) | 0(30) | 0(26) | 0(25) | 0(27) |
---------------------------------------------------------------------------------------------------------------------------
36 | 0(23) | 0(23) | 0(24) | 0(24) | 0(25) | 0(26) | 0(27) | 0(26) | 0(24) | 0(26) | 0(20) | 0(22) | 0(21) | 0(28) | 0(24) |
---------------------------------------------------------------------------------------------------------------------------
16 | 0(22) | 0(24) | 0(20) | 0(27) | 0(30) | 0(25) | 0(21) | 0(27) | 0(28) | 0(20) | 0(27) | 0(25) | 0(25) | 0(24) | 0(28) |
---------------------------------------------------------------------------------------------------------------------------
69 | 0(29) | 0(28) | 0(24) | 0(24) | 0(25) | 0(21) | 0(27) | 0(22) | 0(26) | 0(30) | 0(23) | 0(29) | 0(29) | 0(23) | 0(28) |
---------------------------------------------------------------------------------------------------------------------------
56 | 0(24) | 0(29) | 0(27) | 0(21) | 0(20) | 0(22) | 0(26) | 0(21) | 0(20) | 0(23) | 0(27) | 0(29) | 0(26) | 0(28) | 0(28) |
---------------------------------------------------------------------------------------------------------------------------
92 | 0(20) | 0(25) | 0(29) | 0(30) | 0(24) | 0(26) | 0(20) | 0(22) | 0(22) | 0(21) | 0(20) | 0(21) | 0(20) | 0(28) | 0(24) |
---------------------------------------------------------------------------------------------------------------------------
31 | 0(25) | 0(29) | 0(28) | 0(30) | 0(20) | 0(22) | 0(23) | 0(26) | 0(22) | 0(23) | 0(25) | 0(27) | 0(30) | 0(25) | 0(22) |
---------------------------------------------------------------------------------------------------------------------------
45 | 0(29) | 0(23) | 0(21) | 0(26) | 0(21) | 0(22) | 0(24) | 0(27) | 0(27) | 0(25) | 0(26) | 0(20) | 0(23) | 0(24) | 0(20) |
---------------------------------------------------------------------------------------------------------------------------
43 | 0(27) | 0(27) | 0(20) | 0(30) | 0(20) | 0(30) | 0(25) | 0(28) | 0(27) | 0(28) | 0(25) | 0(21) | 0(23) | 0(22) | 0(30) |
---------------------------------------------------------------------------------------------------------------------------
64 | 0(24) | 0(21) | 0(23) | 0(28) | 0(29) | 0(29) | 0(26) | 0(30) | 0(27) | 0(22) | 0(29) | 0(28) | 0(25) | 0(22) | 0(21) |
---------------------------------------------------------------------------------------------------------------------------
22 | 0(25) | 0(24) | 0(30) | 0(23) | 0(20) | 0(29) | 0(23) | 0(28) | 0(25) | 0(30) | 0(25) | 0(24) | 0(23) | 0(27) | 0(22) |
---------------------------------------------------------------------------------------------------------------------------
37 | 0(23) | 0(26) | 0(23) | 0(21) | 0(27) | 0(23) | 0(21) | 0(29) | 0(22) | 0(23) | 0(26) | 0(30) | 0(22) | 0(30) | 0(24) |
---------------------------------------------------------------------------------------------------------------------------
19 | 0(25) | 0(28) | 0(21) | 0(30) | 0(25) | 0(20) | 0(24) | 0(27) | 0(29) | 0(26) | 0(28) | 0(30) | 0(20) | 0(24) | 0(26) |
---------------------------------------------------------------------------------------------------------------------------
21 | 0(20) | 0(24) | 0(27) | 0(28) | 0(26) | 0(27) | 0(29) | 0(29) | 0(26) | 0(22) | 0(26) | 0(29) | 0(21) | 0(25) | 0(30) |
---------------------------------------------------------------------------------------------------------------------------
79 | 0(28) | 0(21) | 0(27) | 0(20) | 0(21) | 0(24) | 0(29) | 0(30) | 0(22) | 0(23) | 0(30) | 0(26) | 0(28) | 0(28) | 0(30) |
---------------------------------------------------------------------------------------------------------------------------
