# kaynak 15
# hedef 15
# minimum miktar 5
# maksimum miktar 100
# minimum maliyet 5
# maksimum maliyet 230

  |     53 |     24 |     19 |     92 |     43 |     81 |      3 |     44 |     22 |     22 |     32 |     12 |     56 |     40 |     84 |
------------------------------------------------------------------------------------------------------------------------------------------
22 | 0( 63) | 0( 18) | 0( 67) | 0(121) | 0(222) | 0(167) | 0( 53) | 0(146) | 0(207) | 0( 85) | 0( 61) | 0( 26) | 0(184) | 0( 42) | 0(229) |
------------------------------------------------------------------------------------------------------------------------------------------
65 | 0(105) | 0(195) | 0(171) | 0(152) | 0(185) | 0(225) | 0(110) | 0( 49) | 0( 57) | 0(198) | 0( 46) | 0(  9) | 0(115) | 0( 70) | 0( 16) |
------------------------------------------------------------------------------------------------------------------------------------------
11 | 0(118) | 0(116) | 0(179) | 0(163) | 0(113) | 0(162) | 0( 27) | 0( 91) | 0( 92) | 0(227) | 0( 97) | 0( 78) | 0(197) | 0(193) | 0( 75) |
------------------------------------------------------------------------------------------------------------------------------------------
93 | 0(132) | 0( 50) | 0(126) | 0( 33) | 0(119) | 0(  8) | 0(103) | 0(145) | 0(131) | 0(130) | 0( 31) | 0(104) | 0(196) | 0(124) | 0(106) |
------------------------------------------------------------------------------------------------------------------------------------------
44 | 0( 99) | 0(176) | 0(182) | 0(  5) | 0( 83) | 0(175) | 0( 94) | 0(150) | 0(186) | 0(199) | 0( 23) | 0(173) | 0(212) | 0(136) | 0(111) |
------------------------------------------------------------------------------------------------------------------------------------------
7 | 0(230) | 0(221) | 0( 62) | 0(158) | 0(209) | 0( 69) | 0(141) | 0( 79) | 0( 17) | 0( 11) | 0( 10) | 0( 28) | 0( 58) | 0(148) | 0(214) |
------------------------------------------------------------------------------------------------------------------------------------------
19 | 0(219) | 0( 24) | 0( 68) | 0( 19) | 0(  6) | 0( 15) | 0( 52) | 0(129) | 0( 40) | 0( 65) | 0(203) | 0( 51) | 0( 54) | 0( 93) | 0( 38) |
------------------------------------------------------------------------------------------------------------------------------------------
50 | 0(228) | 0(216) | 0( 14) | 0(164) | 0(166) | 0(101) | 0(208) | 0(213) | 0(  7) | 0(218) | 0(100) | 0( 55) | 0( 81) | 0( 90) | 0(155) |
------------------------------------------------------------------------------------------------------------------------------------------
71 | 0(159) | 0(112) | 0( 96) | 0( 76) | 0( 29) | 0( 98) | 0( 25) | 0(170) | 0( 87) | 0( 22) | 0( 34) | 0(135) | 0( 86) | 0( 88) | 0(189) |
------------------------------------------------------------------------------------------------------------------------------------------
78 | 0(191) | 0(217) | 0( 73) | 0(151) | 0( 36) | 0(138) | 0( 13) | 0(156) | 0(172) | 0( 37) | 0(188) | 0( 47) | 0(127) | 0(168) | 0(201) |
------------------------------------------------------------------------------------------------------------------------------------------
7 | 0(142) | 0(153) | 0(108) | 0(206) | 0(215) | 0( 89) | 0( 60) | 0(149) | 0(137) | 0(190) | 0( 56) | 0(125) | 0(107) | 0(202) | 0(194) |
------------------------------------------------------------------------------------------------------------------------------------------
87 | 0( 39) | 0(144) | 0(147) | 0(174) | 0( 12) | 0(109) | 0(224) | 0(134) | 0( 59) | 0(165) | 0(102) | 0(169) | 0( 72) | 0(223) | 0(154) |
------------------------------------------------------------------------------------------------------------------------------------------
27 | 0(204) | 0(226) | 0( 35) | 0(183) | 0(143) | 0( 80) | 0(120) | 0( 95) | 0(205) | 0( 66) | 0(178) | 0( 43) | 0(140) | 0( 84) | 0( 82) |
------------------------------------------------------------------------------------------------------------------------------------------
34 | 0( 77) | 0(192) | 0( 20) | 0(180) | 0(220) | 0(177) | 0( 45) | 0(114) | 0( 48) | 0(187) | 0(128) | 0(133) | 0(122) | 0( 44) | 0( 30) |
------------------------------------------------------------------------------------------------------------------------------------------
12 | 0(117) | 0(157) | 0( 74) | 0(161) | 0(160) | 0( 21) | 0(181) | 0(123) | 0(200) | 0( 32) | 0( 41) | 0( 64) | 0(210) | 0(211) | 0( 71) |
------------------------------------------------------------------------------------------------------------------------------------------
