   |     10 |     11 |     12 |     15 |     12 |     24 |      4 |     14 |      5 |     28 |
----------------------------------------------------------------------------------------------
25 |  0(16) |  0(11) |  0(48) | 11(13) |  0(44) |  0(40) |  0(31) | 14( 7) |  0(47) |  0(28) |
----------------------------------------------------------------------------------------------
26 |  0(26) |  0( 7) |  0(29) |  0(17) |  0(10) |  0(30) |  0(13) |  0(19) |  0(20) | 26( 8) |
----------------------------------------------------------------------------------------------
10 |  0(43) |  0(32) |  0( 8) |  0(40) |  0(21) | 10(15) |  0( 9) |  0(31) |  0(35) |  0(33) |
----------------------------------------------------------------------------------------------
 6 |  0(24) |  0(17) |  4(12) |  0(27) |  2(14) |  0(46) |  0(37) |  0(40) |  0(42) |  0(42) |
----------------------------------------------------------------------------------------------
11 |  0(39) |  0(45) |  2(15) |  4( 5) |  0(49) |  0(48) |  0(50) |  0( 9) |  5( 6) |  0(41) |
----------------------------------------------------------------------------------------------
17 | 10( 5) |  0(11) |  6(13) |  0( 6) |  0(36) |  1(23) |  0(14) |  0(31) |  0(16) |  0(32) |
----------------------------------------------------------------------------------------------
 8 |  0(19) |  0(20) |  0(21) |  0(22) |  0(44) |  6(25) |  0(48) |  0(34) |  0(27) |  2( 9) |
----------------------------------------------------------------------------------------------
15 |  0(29) | 11(11) |  0(26) |  0(36) |  0(37) |  0(34) |  4(12) |  0(23) |  0(47) |  0(18) |
----------------------------------------------------------------------------------------------
 7 |  0(35) |  0(38) |  0(39) |  0(41) |  0(43) |  7(45) |  0(46) |  0(25) |  0(30) |  0(49) |
----------------------------------------------------------------------------------------------
10 |  0(28) |  0(24) |  0(49) |  0(32) | 10(22) |  0(38) |  0(18) |  0(33) |  0(10) |  0(50) |
----------------------------------------------------------------------------------------------
