   |      30 |     124 |     128 |     167 |      45 |     100 |     192 |       8 |     237 |      87 |
--------------------------------------------------------------------------------------------------------
37 |  0(166) |  0( 32) |  0( 98) |  0( 68) |  0(155) |  0( 34) |  0(200) |  0( 53) | 37( 57) |  0(138) |
--------------------------------------------------------------------------------------------------------
73 |  0( 62) | 23( 14) |  0( 87) |  0( 55) |  0(195) | 50( 10) |  0(160) |  0(162) |  0(176) |  0( 48) |
--------------------------------------------------------------------------------------------------------
72 |  0( 77) | 72( 61) |  0(169) |  0(120) |  0(152) |  0( 96) |  0(148) |  0( 89) |  0(179) |  0(110) |
--------------------------------------------------------------------------------------------------------
49 |  0(141) |  0(158) | 28( 38) | 21( 37) |  0(112) |  0(189) |  0(164) |  0(165) |  0( 83) |  0( 79) |
--------------------------------------------------------------------------------------------------------
13 |  0(196) |  0( 59) |  0(157) |  0(111) |  0( 31) | 13(  4) |  0( 60) |  0( 70) |  0( 78) |  0(177) |
--------------------------------------------------------------------------------------------------------
 5 |  0( 81) |  0(199) |  0(197) |  0( 21) |  5(  9) |  0( 85) |  0(150) |  0(201) |  0(134) |  0(180) |
--------------------------------------------------------------------------------------------------------
11 |  0(187) | 11( 25) |  0(182) |  0( 84) |  0(193) |  0(105) |  0( 74) |  0( 93) |  0( 64) |  0(192) |
--------------------------------------------------------------------------------------------------------
67 |  0(156) |  0(142) | 67(  6) |  0(173) |  0( 90) |  0( 39) |  0( 92) |  0( 42) |  0(190) |  0(185) |
--------------------------------------------------------------------------------------------------------
90 |  0( 36) |  0(147) |  3( 17) |  0(154) |  0(188) |  0( 58) | 87( 43) |  0(137) |  0( 80) |  0( 72) |
--------------------------------------------------------------------------------------------------------
96 |  0(114) |  0(116) |  3(104) |  0(194) |  0(145) |  0(128) |  0(129) |  0(133) | 72( 99) | 21( 44) |
--------------------------------------------------------------------------------------------------------
51 |  0(135) |  0( 49) |  0( 33) | 51(  8) |  0(171) |  0( 73) |  0(106) |  0(172) |  0( 69) |  0(119) |
--------------------------------------------------------------------------------------------------------
46 |  0(144) |  0( 26) |  0(161) |  0(130) |  5( 76) |  0(115) |  0(170) |  0( 28) | 41( 94) |  0(140) |
--------------------------------------------------------------------------------------------------------
95 |  0(153) |  0( 15) |  0( 16) | 95(  1) |  0( 88) |  0( 52) |  0(132) |  0( 47) |  0(113) |  0( 97) |
--------------------------------------------------------------------------------------------------------
13 |  0( 51) |  0(109) |  0(101) |  0(163) |  0( 50) |  0(  5) | 13( 18) |  0(118) |  0(103) |  0(143) |
--------------------------------------------------------------------------------------------------------
83 | 30( 71) | 18( 27) | 27( 19) |  0( 54) |  0(159) |  0(108) |  0(146) |  8( 29) |  0(121) |  0( 30) |
--------------------------------------------------------------------------------------------------------
87 |  0( 23) |  0(122) |  0( 22) |  0(125) |  0(117) |  0( 11) |  0(178) |  0(102) | 87( 45) |  0( 13) |
--------------------------------------------------------------------------------------------------------
92 |  0(123) |  0( 86) |  0( 40) |  0(149) |  0(124) |  0(186) | 92( 35) |  0(181) |  0(131) |  0(  2) |
--------------------------------------------------------------------------------------------------------
35 |  0( 65) |  0( 66) |  0( 91) |  0( 63) | 35( 46) |  0( 82) |  0(100) |  0(191) |  0(167) |  0( 20) |
--------------------------------------------------------------------------------------------------------
66 |  0( 95) |  0( 75) |  0(183) |  0(139) |  0(184) |  0(136) |  0( 56) |  0(126) |  0(168) | 66(  3) |
--------------------------------------------------------------------------------------------------------
37 |  0(175) |  0( 67) |  0(  7) |  0(151) |  0( 41) | 37( 12) |  0(127) |  0(174) |  0(198) |  0( 24) |
--------------------------------------------------------------------------------------------------------
