   |     18 |     31 |     19 |     22 |     20 |     13 |     12 |     15 |     24 |     16 |     40 |     22 |     28 |      7 |     29 |     30 |     10 |     67 |     15 |     24 |
----------------------------------------------------------------------------------------------------------------------------------------------------------------------------------------
49 |  0(25) |  0(38) |  0(29) |  0(48) |  0(21) |  0(31) |  0(18) | 12(11) | 24( 6) |  0(48) |  0( 9) | 13(11) |  0(12) |  0(38) |  0(13) |  0(18) |  0(19) |  0(22) |  0(50) |  0(23) |
----------------------------------------------------------------------------------------------------------------------------------------------------------------------------------------
16 |  0( 8) |  0(46) |  0(28) |  0(24) |  0(25) |  0(26) |  0(45) |  0(49) |  0(14) |  0(42) |  0(42) |  0(47) |  0(27) |  0(15) |  0(32) |  0(28) |  0(44) |  1(28) | 15( 8) |  0(23) |
----------------------------------------------------------------------------------------------------------------------------------------------------------------------------------------
92 |  0(32) |  0(39) |  0(42) |  0(43) |  7(17) |  0(21) |  0(45) |  0(20) |  0(50) | 16( 5) | 40( 7) |  0(22) |  0(10) |  0(29) | 29( 8) |  0(32) |  0(49) |  0(41) |  0( 9) |  0(46) |
----------------------------------------------------------------------------------------------------------------------------------------------------------------------------------------
26 |  0(13) | 26( 7) |  0( 5) |  0(17) |  0(20) |  0(19) |  0(19) |  0(29) |  0(12) |  0(23) |  0(24) |  0(25) |  0(26) |  0(30) |  0(31) |  0(33) |  0(35) |  0(10) |  0(24) |  0(12) |
----------------------------------------------------------------------------------------------------------------------------------------------------------------------------------------
19 |  0(34) |  0(24) |  0(21) |  0(30) |  0(36) |  0(35) |  0(38) |  0(14) |  0(45) |  0(40) |  0( 7) |  0(44) |  0(42) |  0(43) |  0(42) |  0(45) |  0(48) |  0(50) |  0(34) | 19( 5) |
----------------------------------------------------------------------------------------------------------------------------------------------------------------------------------------
39 |  0( 6) |  1(16) | 19( 7) |  0( 8) |  0(26) |  0(33) | 12( 9) |  0(39) |  0(31) |  0(11) |  0(44) |  0(26) |  0(12) |  7(14) |  0(15) |  0(16) |  0(21) |  0(22) |  0(41) |  0(17) |
----------------------------------------------------------------------------------------------------------------------------------------------------------------------------------------
65 |  0(30) |  0(27) |  0(18) |  0(44) |  0(39) |  0(23) |  0(32) |  0(13) |  0(18) |  0(20) |  0(40) |  0(46) |  0( 6) |  0(47) |  0( 5) |  0(31) |  0(10) | 65(17) |  0( 9) |  0(10) |
----------------------------------------------------------------------------------------------------------------------------------------------------------------------------------------
17 |  0(35) |  0(34) |  0(11) |  0(13) |  4(13) | 13(12) |  0(30) |  0(33) |  0(38) |  0(47) |  0(39) |  0(28) |  0(33) |  0(40) |  0(16) |  0(27) |  0(37) |  0(41) |  0(37) |  0(49) |
----------------------------------------------------------------------------------------------------------------------------------------------------------------------------------------
82 |  0(19) |  4(34) |  0(21) | 22(15) |  9(22) |  0(29) |  0(36) |  3(23) |  0(43) |  0(33) |  0(16) |  0(25) | 28( 6) |  0(41) |  0(36) |  0(28) | 10(14) |  1(47) |  0(36) |  5(37) |
----------------------------------------------------------------------------------------------------------------------------------------------------------------------------------------
57 | 18(14) |  0(37) |  0(32) |  0(31) |  0(37) |  0(38) |  0(49) |  0(39) |  0(40) |  0(29) |  0(35) |  9(15) |  0(43) |  0(46) |  0(30) | 30(20) |  0(27) |  0(27) |  0(48) |  0(50) |
----------------------------------------------------------------------------------------------------------------------------------------------------------------------------------------
